11011111111101111010011101001110111000001001011001100101001001000000100101010000101000100110100100100110101001101111011110010110
11010110111110010101011011000000001101001000100110001011001010110100001011110110110110000011101110111101010000011100100110001011
11111111000000011110001000111000111000011010100111101111101110100001011111011000100001101001111001100001010001000100100011110110
01000100110010110100101101111101101010000010101111000010100101111100010111001000110100110110011101100110001000111000001000110011
01011011111110101110010111000110011001011100010001110000000111111111000001000111001000101101010010111000101010110010110110000010
11110001110010110111111100000011101111101101100001110011100111101011101000000110010110101101010011111011011001001011111110100100
00010011011111010101101000111101011101010000111011111110010001111100001010100010011111001011110000010111110110010100111011000100
01011101000011111100011000011001111111111010000001000100000110111100001011111100001001111100001101001110011010111000000100001100
01010000111000101111010000001001000000000110110011000000111110001101100000001111110110011001010011000111110110110111111011111100
11000101100111101000111010001011111010001110101110010010101101011100110110011110010001110111001110100111010101001100100000110110
11001111010010000000010110110000000100000001010000110110000011111000011010101010111000100011010000111010000011101100111010101011
11011111010001010101101000101100001000111011000110111100101000110111001111111000010110010001001011000010110010011111100100001111
00101101000001101110010111100001100101111110000101111001001000111000011101100110010010011000010111010010100011100100000111011011
10001010110111000001101001110101001010001100111011100011110001100010100001110011111001111010110011111010000000110000100000000011
11101010101101101010101100011011001011100010100010010011110101111100111000101101100010101011001000100000101010011110111110100010
11111110000011101110101010001110101101111100001101110010011100110101010001111010101110101011001011101101010101010100101101110010
11100101101101111010010110010111101001001100111000010101011101010001111010100011111000010100101010111001010001100001011011010110
00100100101110110100111000100000100010000110110010000101100010000001001000111110000010101100101001101101100000000100110010111011
10111001111110111011010000100100101110011110111011010010001001100101010011100000100111110000100110011100001111001111110001110011
11111101001001101111001100110011100000011110101110001111111000001011010101011011111110000110001101110110001000110111100010101100