11111010011001100100010110011101010000101001100100111110001000110011011011001000100111011010011011100111111111100000101100011000
10011111010000001010010001010000111011110111011001110011101010111100101011101111011110100101010110111010000110101110011011100011
00001101010000000001101110100101010010101100101100000010001001101101111101100000111001111011001100010111101110111100010110100000
11011001100100010110110010110010101011000111010111101100100111000101001001111111001110000100001111101100100011101001000111000110
00010101101001111011000011100110100000010101111010011111110100010000011101001010001010101100100111011101010101001000110011111001
01111000111001101010101001000011111010000110100110110011010111010101011101110111001000101000011101101111111100000001101010000100
11101010001100110101001011110100000101111100000100000110011111100011010001001001111011100000111011001000100101100011100000100110
10101001000001101111001111001000100111100111110100001111010110110011110000000010110111001100100011001111011011100100001001111101
10010011010111001011111101100000101001011011010110010000001010111110001010011101000111000000010000110110010010001010010001000010
11100011111011010101110000101000101100110111010010100100011111100110001000011011000001011001010011101000110010010100110100110101
10011011001000111011011111010110101000110101100111001100011110001100100101000000011010010111011011011010110001011000110110110000
00010101011100011101111011101111111100001111111001111110011111101000001111111110000110001001110000100111010101000110110100101101
01010111111110010000101010000100100111111011000111000011000111111101111100111110011101000010001001111011110111110100101010010011
10010110100011001000011011100111101001111001010000111000110001000000000010010000001010101010010101100101111110010010101001111111
01100110101100001001001001100001000010110000111011010000011000010100101100000000101101111001010110000100100011100011001110111101
00111100111010011110110100001111100101010100000010100001110001100011111000001000100110000111110010011100011000110110001010010001
10011111001001111000000001011011010101011001000010110111110011010110100111010100111100101001111001000001100000101110001110001011
01110010111100010101000110100110100010010000111111011100011000010100001011110000111000110100001000010011001101001010011110000000
10101000000100010101000011111110001111010010101011000100101010011100010101010001100011101000001010011111010101111110110011101010
00111000111101110111100000000100100110101011111101101111001111111001101100011110011101101010101000100111101111001111010101100001